%YAML:1.0
white: 250
black: 60
grey: 60
red: 8
orange: 19
yellow: 35
green: 80
cyan: 90
blue: 130
puple: 170

